5000   3.810012e-93
6000   3.588308e-56
7000   1.104846e-35
8000   2.958103e-23
9000   1.697380e-15
10000   1.359647e-10
11000   2.794428e-07
12000   6.734406e-05
13000   4.100918e-03
14000   1.000361e-01
15000   1.169112e+00
16000   7.884119e+00
17000   3.560737e+01
18000   1.189448e+02
19000   3.124314e+02
20000   6.894169e+02
21000   1.326021e+03
22000   2.264253e+03
23000   3.550524e+03
24000   5.186627e+03
25000   7.119116e+03
26000   9.281588e+03
27000   1.160836e+04
28000   1.413903e+04
29000   1.668424e+04
30000   1.910089e+04
31000   2.154449e+04
32000   2.384948e+04
33000   2.595057e+04
34000   2.802332e+04
35000   2.984508e+04
36000   3.124977e+04
37000   3.273549e+04
38000   3.421124e+04
39000   3.509178e+04
40000   3.578569e+04
41000   3.648063e+04
42000   3.685460e+04
43000   3.725421e+04
44000   3.761157e+04
45000   3.782733e+04
46000   3.778116e+04
47000   3.755863e+04
48000   3.755114e+04
49000   3.746665e+04
50000  3.708394e+04
51000   3.659266e+04
52000   3.626242e+04
53000   3.592808e+04
54000   3.537852e+04
55000   3.483811e+04
56000   3.452180e+04
57000   3.409406e+04
58000   4.851767e+04
59000   7.592448e+04
60000   6.016799e+04
61000   3.264041e+04
62000   3.203732e+04
63000   3.004037e+04
64000   2.936194e+04
65000   2.855788e+04
66000   2.795243e+04
67000   3.797117e+04
68000   3.737714e+04
69000   2.841815e+04
70000   2.539518e+04
71000   2.031043e+04
72000   1.984638e+04
73000   1.933619e+04
74000   1.897386e+04
75000   1.856423e+04
76000   1.817969e+04
77000   1.762893e+04
78000   1.715321e+04
79000   1.689684e+04
80000   1.653248e+04
81000   1.599630e+04
82000   1.543240e+04
83000   1.497231e+04
84000   1.457451e+04
85000   1.419404e+04
86000   1.385186e+04
87000   1.334923e+04
88000   1.307868e+04
89000   1.272667e+04
90000   1.220016e+04
91000   1.177630e+04
92000   1.108614e+04
93000   1.066557e+04
94000   1.052566e+04
95000   1.010624e+04
96000   9.689046e+03
97000   9.273650e+03
98000   8.733051e+03
99000   8.289539e+03
100000   7.890904e+03
101000   7.530637e+03
102000   7.176172e+03
103000   6.669687e+03
104000   6.298015e+03
105000   5.999405e+03
106000   5.612456e+03
107000   5.237832e+03
108000   4.766646e+03
109000   4.368216e+03
110000   3.925066e+03
111000   3.520907e+03
112000   3.203505e+03
113000   2.782357e+03
114000   2.437239e+03
115000   2.078366e+03
116000   1.653921e+03
117000   1.282880e+03
118000   8.900727e+02
119000   -1
